000000000000000000000000000000000000000000000000000000000000000000000000000000000000000000000000000000
060000020000000000100000000010000001000030020000010000000200002000000000000001001010000001000000020010
0515000000111000011000000002000014000000020010000000000000110110000000000000001000000010000200000000000
0001500000100030000010000000001000000000010020000001000001100000000000000000000100001000000000000000000
1000120000101000000100001000200000000000000000000000000000000000000000000000000000000000000000000001000
0000015001000000000000030011000000000001000100000001000000100000000010010000000010001001000000300000000
1000001200110001110100000000000000010100101100000000210000010000100000000000000000010001001000000010010
000000000000000000000000000000000000000000000000000000000000000000000000000000000000000000000000000000
000000000000000000000000000000000000000000000000000000000000000000000000000000000000000000000000000000
000000000000000000000000000000000000000000000000000000000000000000000000000000000000000000000000000000
000000000020000000000100000001000000000000000000000000000000010000000000000000000000000000000000000000
000000000000000000000000000000000000000000000000000000000000000000000000000000000000000000000000000000
000000000000300000000000000000000010000000100010000000000000000000000000000000000000000000000000000000
000000000000040100000000000000000000000000000000000000000000000000000000000000000000000000000000000000
000000010100007001000000000110001000120000000000000000000000100000020000010000000001000010120000010000
000000000001000400000000000000000000001000000000000000000000000000000000001000000000000000000000000000
000000001000000010000000000000000000000000000000000000000000000000000000000000000000000010000000000000
000000000000000001000000000000000000000000000000000000000000000000000000000000000000000000000000000000
000000000200000000700000100000000000010000000000000000000100000000010000000000000000000000010000000000
000000000000000000010000000000000000000000000000000000000000000000000000000000000000000000000000000000
0000202200000100101115100010021110042010003200001000310001100001010001000000001100010000020000001010000
000000000000000000000100000000010020000000000000000000001000000000000000000000000000000000000000000000
0000000010000000020000120000000000011000000000000000000000000100000000000000000000000001000000001000000
000000000000000000000002000000000000000000000000000000000000000000000000000000000000000000000000000000
000000000000000000000001700000000001000000100000000000000000001000000000000000000000000000000000000000
000000000000000000000000021000000000000000000000000000000000000000000000000000000000000000000000000000
000000000000000000000000003000000000100000000001000000000000000100000000100000100001000110000000000000
100000000000000001000000000000000000000000000000000000000000000000000000000000000000000000000000000000
000000000000000000000000000010000000000000000000000000000000000000000000000000000000000000000000000000
010000000103010001010000020112400000011000000010100000000002100000000000000102100010000100000000100000
000000000012010000000000000101200010001000000000000040000000020000000000210000000000000000000000100000
000000000000000000000000000000040000000000000000000000000000000000000000000000000000000000000000000000
000000001000000000000000011010004000010000000000000000000000001000000101100000200001000000000000100000
0000000000000000101100021000010001400010001100000000000000102001000000000010120000000000010000000020000
000000100000000000000100000200000120000000010000000000000000011100000000000010000000000000000000000000
000000000000000000000000000000010003000000000000000000000100000000000000000000000000000000000000000000
000000001000000000100000000000000000300000000000000000000000000000000000000010010000000000000000000000
000000000100000110000000010000000001030000000000000000010001000000000000000000100001000000000000000000
000000000000000000000001000000000000006000000000000010010000000000000000000000100000000000000000000000
010000000001000000000100000100000000000700000001001010000100000000000000000000001000000000001000000000
000000000000000000000000010000011000000000000000000000000000010000000000000001000001000010000000011000
000000000000000010010000000012000000020018000010100210001002010100000000000000001000000001000000000000
000000000000000000000000000000000000000000000000000000000000000000000000000000000000000000000000000000
000000000000000011000000001000000000000000040000000000000000000000000000000000000000000000000000000000
100000001000001000010000000000000000000000003010000000000100000000010000100000000000000010000000000000
000000000102000000020001102211301001012000200310101010280002000020000301200101100060000100002001002001
000000000000000000000000000000000000000000000010000000000000000000000000000000000000000000000000000000
000000000000000000000000000000000000000000000008000000000000000000000000000000000000000000000000000000
100000000010000000000000000000100000000000000000701000000000000000000000000000000000000300000000000000
000000000000000001000000000000000000000000000000070000001010000000000000000000000000000000000000000001
0000000000110200000000020001032010001000001000001010000000000000100000000210200000000000100010011010000
000000000100000100010200000000001000000000000000100000100000010000000000000000000000000000000000000000
000000000000000100000000000000000000000000000000000010000000000000000000000000000010000001000000000000
100000000000001040000000000000010000000000000030000001100040001000010000000000101110000020000000000100
3000000100000001000200000000001000000010210000100004001011000101010000000010401101000002021010000000000
000000000000000000000000000000000000000000000000000000020000000000000000000000000000000000000000000000
000000000000000010000100010000010000000000110021000010005000000000000000000000001000000000000000000000
100000000000000000000100000000000000000000000000000000000100010000000000000000000000000000000010000000
000000000000000100000000000000000000000000000000000000000050000000000000000100000000000000000000000000
000000000200000000000001000001000000100000000000000000100004000000000000000001000001000000000000000000
000000000000000000000000000000000001000000000000000000000000000000000000000000000010000000000000000000
000000000000000000000000000000000000000000000000000000000000030000000000000000000000000000000000000000
000000011000000000000100000000000000000000000000000100000000001000000000000000000000000000000000000000
000000000000000000000000000000000000000001000000000000000000000100010000000010010000000000000000000000
000000000000002002000101001000000010100010200010000000000110211040010001001000000010100011011021100001
000000000000000000000000000000000000000000020000000000000000000002000000000010010000000100000000000000
1000000000210000000000010000000100100002000000100002000000001000001210010010000000010004000000010000001
000000000000000000000000000000000000000000000001000000000000000000120000100000000000010000010000000000
000000000000000000000000000000000000000000000000000000000010000000001000000000000000000000000000000000
000000000000000000000000000000000000000000000000000000000001000000000500000000000000000001000000000000
0000000010110000000000000000100010001100000001010000000000002000000100130000010020000000000010210000002
000000000000000000000000000000000000010000000000000000000000000000000002000000000000000000000000000001
000000000000000100000000100000000000000000000000000000000010000000000000300000100000000000000000000000
000000000000010000000000000000000000000000000000000000000000000000010000080000000000000000000000000000
000000000000000000000000010010000000000000000000000000000000000000000000001000000000000000000000000000
000000000000000001000000000000000000000000000010000010000001000000000000101300000000000000001010000000
000000000000000000000000010010100000000200000001000000000000000000000001000070000000000000000000000000
000000000001000000000000010000000000001000000000000000010100000000000000000005100000000000000000000000
000000000000000000000000000000001000000000000000000000000000000000000000000000000000000000000000000000
000000000000000000000000100000000001000000100000000000000000000000100000000000010001000000000000000000
010000000000000120000000100000000000000000100000010000004000000100000000000200008000000000010010000000
000000000000001000000000001000000001100010000000010000000000001010000000000000001600000100101000000000
000000000000000000000000000000000000000000000000000000000000000000000000000000000000010000000000000000
000000000000000000010000020100000000000000000000000010000000000000000000000000010006000000000000000000
100010001010000000000001001000000001000000001000000000000000000100001000000000000000400000000000000000
000000000000000000000000000000000000000000000000010000000000000000000000000000000000060000000000000000
000000000010000000100000000000000000100000000000000000000000000100000000000001000000004000000000000000
000000000000000000000000000100000000000000000000100000010000000010000000000000000000000200000000000000
000000000000000000000000000000000000000000000000000000000000000000000000000000000000000020000000000000
000000000000000000000000101000000000000000020000100000000000000010020000000000000000000008000001000000
100000000000001000000000000000020000000000000000000000000000000000000000000000000000000000101002000000
000000000000000001000000000100000000000000000000000000000000100000000000000000000000000000051000000000
000000001000000001000100000020000001000100000000000000000000000000002000010000100000000100017010000000
0000000000000000001000000000000000000001100000000000000000000000100000000000000000000200000001000000000
000000000000000000000100000000000000000000000000000000000000000000000000000000000000000000000030000000
000000000100000000000000000000000000000000000000000000000000000000000000000000000000000000000006010000
000000000000000000000000000000010000100000000000000000000000020000000000000000000000000000000000300000
000000000000000000000000000000000000000010000000000000000000001000000000000000000000000000000000040000
000000000000000000000000000010000000000000000000000000000000000000000000000000000000000000000000000000
1100000001100110000000011000000000002010100000000000100001000000200000001000000200000000000000000101400
000000051020000000000200000100000000000110000000000000000000000110000000000000100000002000000021000070
100000001000010001000000000001000010000000000000110100000000000000100002000010000200040300000010000008
